iso	country	year	eq_tr	r_eq_tr	housing_tr	r_housing_tr	dc
AUS	Australia	1950	0.31400	0.20340	1.36314	1.16424	0.03152
AUS	Australia	1951	-0.04600	-0.20394	0.20682	0.00703	-0.01344
AUS	Australia	1952	-0.13300	-0.26039	0.02714	-0.12378	-0.02098
AUS	Australia	1953	0.13000	0.08363	0.02504	-0.01702	-0.04375
AUS	Australia	1954	0.18600	0.17794	0.07019	0.06292	0.05270
AUS	Australia	1955	0.10300	0.08097	0.07081	0.04942	0.06396
AUS	Australia	1956	0.07700	0.01357	0.15163	0.08380	-0.00034
AUS	Australia	1957	0.16700	0.13882	0.14944	0.12168	-0.01536
AUS	Australia	1958	0.18900	0.17357	0.07087	0.05697	0.02790
AUS	Australia	1959	0.44300	0.41692	0.07182	0.05245	0.00822
AUS	Australia	1960	-0.06200	-0.09627	0.18052	0.13739	0.06944
AUS	Australia	1961	0.11600	0.08865	-0.04652	-0.06989	-0.00123
AUS	Australia	1962	0.04200	0.04491	0.15769	0.16093	-0.01557
AUS	Australia	1963	0.26600	0.25932	0.16707	0.16091	0.03506
AUS	Australia	1964	0.04400	0.01992	0.08700	0.06193	0.04023
AUS	Australia	1965	-0.08200	-0.11699	0.08826	0.04678	0.03690
AUS	Australia	1966	0.06700	0.03617	0.08290	0.05161	0.02572
AUS	Australia	1967	0.42500	0.38090	0.08523	0.05164	0.04152
AUS	Australia	1968	0.34800	0.31316	0.11857	0.08966	0.03409
AUS	Australia	1969	0.10100	0.06977	0.13167	0.09957	0.03746
AUS	Australia	1970	-0.13700	-0.16944	0.15090	0.10764	0.02156
AUS	Australia	1971	-0.06100	-0.11469	0.17449	0.10734	0.00360
AUS	Australia	1972	0.36400	0.28843	0.14717	0.08361	0.03027
AUS	Australia	1973	-0.25800	-0.32216	0.24786	0.13996	0.04282
AUS	Australia	1974	-0.26200	-0.35887	0.24937	0.08537	0.01376
AUS	Australia	1975	0.54600	0.34351	0.16637	0.01360	-0.00010
AUS	Australia	1976	0.03600	-0.08742	0.17694	0.03673	0.03441
AUS	Australia	1977	0.13200	0.00801	0.14364	0.01837	0.00923
AUS	Australia	1978	0.24300	0.15174	0.10838	0.02700	0.00955
AUS	Australia	1979	0.39000	0.27418	0.12429	0.03061	0.01079
AUS	Australia	1980	0.52300	0.38295	0.23567	0.12204	0.02408
AUS	Australia	1981	-0.10800	-0.18681	0.20258	0.09633	0.03256
AUS	Australia	1982	-0.15300	-0.23794	0.11573	0.00384	0.00128
AUS	Australia	1983	0.63700	0.48665	0.10249	0.00123	0.00374
AUS	Australia	1984	0.00500	-0.03319	0.18509	0.14005	0.00780
AUS	Australia	1985	0.42100	0.33128	0.14987	0.07727	0.03268
AUS	Australia	1986	0.51100	0.38516	0.13456	0.04007	-0.00498
AUS	Australia	1987	-0.09600	-0.16673	0.10648	0.01990	0.01868
AUS	Australia	1988	0.21100	0.12933	0.28200	0.19554	0.02832
AUS	Australia	1989	0.17900	0.09614	0.29427	0.20331	0.03451
AUS	Australia	1990	-0.15300	-0.21042	0.06589	-0.00637	-0.00687
AUS	Australia	1991	0.27500	0.23519	0.05485	0.02191	0.00584
AUS	Australia	1992	-0.02200	-0.03155	0.07063	0.06018	0.00373
AUS	Australia	1993	0.40456	0.37955	0.07174	0.05265	0.01281
AUS	Australia	1994	-0.08810	-0.10506	0.07832	0.05827	0.03996
AUS	Australia	1995	0.20723	0.15372	0.06261	0.01551	0.02374
AUS	Australia	1996	0.14342	0.11431	0.05805	0.03111	0.01277
AUS	Australia	1997	0.11419	0.11169	0.07185	0.06945	0.03553
AUS	Australia	1998	0.08479	0.07555	0.13950	0.12979	0.03721
AUS	Australia	1999	0.19295	0.17639	0.10247	0.08716	0.02912
AUS	Australia	2000	0.05023	0.00541	0.13605	0.08758	0.02422
AUS	Australia	2001	0.10135	0.05486	0.11730	0.07013	0.01560
AUS	Australia	2002	-0.08096	-0.10815	0.23695	0.20036	0.02422
AUS	Australia	2003	0.15864	0.12784	0.20934	0.17720	0.04232
AUS	Australia	2004	0.27568	0.24649	0.08885	0.06393	0.03119
AUS	Australia	2005	0.21088	0.17951	0.03706	0.01019	0.01792
AUS	Australia	2006	0.24966	0.20676	0.10147	0.06366	0.02099
AUS	Australia	2007	0.17953	0.15238	0.13594	0.10979	0.00367
AUS	Australia	2008	-0.40385	-0.42869	0.06564	0.02123	0.00251
AUS	Australia	2009	0.39578	0.37150	0.05680	0.03842	0.00590
AUS	Australia	2010	0.03306	0.00431	0.14347	0.11164	0.00695
AUS	Australia	2011	-0.11431	-0.14307	-0.00476	-0.03708	0.02518
AUS	Australia	2012	0.18841	0.16870	0.01437	-0.00246	0.01184
AUS	Australia	2013	0.19656	0.16765	0.08900	0.06270	0.00033
AUS	Australia	2014	0.05610	0.03046	0.11234	0.08534	0.00918
AUS	Australia	2015	0.02561	0.01060	0.11045	0.09421	0.00880
DNK	Denmark	1950	0.25552	0.18283	0.10102	0.03728	0.06736
DNK	Denmark	1951	-0.02810	-0.12066	0.18578	0.07285	-0.00116
DNK	Denmark	1952	-0.01107	-0.04736	0.11382	0.07294	-0.01992
DNK	Denmark	1953	0.09310	0.08316	0.11518	0.10504	0.01667
DNK	Denmark	1954	0.15272	0.15272	0.12929	0.12929	0.04083
DNK	Denmark	1955	0.16087	0.10082	0.12299	0.06491	-0.00448
DNK	Denmark	1956	0.16993	0.10335	0.12724	0.06309	0.00627
DNK	Denmark	1957	0.10950	0.07987	0.16111	0.13010	0.01440
DNK	Denmark	1958	0.06575	0.05802	0.11835	0.11023	0.01658
DNK	Denmark	1959	0.30213	0.28001	0.15693	0.13729	0.02773
DNK	Denmark	1960	0.16120	0.14681	0.21933	0.20422	0.05485
DNK	Denmark	1961	0.04480	0.00994	0.35124	0.30615	0.05068
DNK	Denmark	1962	0.06030	-0.01256	0.17560	0.09483	0.01913
DNK	Denmark	1963	-0.00293	-0.06030	0.13886	0.07333	0.01968
DNK	Denmark	1964	0.24082	0.20359	0.19646	0.16056	0.04417
DNK	Denmark	1965	0.07117	0.01580	0.11439	0.05680	0.01556
DNK	Denmark	1966	0.09230	0.02023	0.19392	0.11514	0.02122
DNK	Denmark	1967	-0.14916	-0.21370	0.10889	0.02478	0.02373
DNK	Denmark	1968	0.08233	0.00259	0.08638	0.00634	0.01595
DNK	Denmark	1969	0.19813	0.15775	0.10740	0.07008	0.05144
DNK	Denmark	1970	-0.05179	-0.10979	0.21761	0.14314	0.02259
DNK	Denmark	1971	-0.01185	-0.06664	0.12129	0.05912	-0.00150
DNK	Denmark	1972	0.48656	0.39502	0.22627	0.15075	-0.00648
DNK	Denmark	1973	0.62432	0.48607	0.20423	0.10173	0.05010
DNK	Denmark	1974	-0.22610	-0.32865	0.09531	-0.04983	-0.03406
DNK	Denmark	1975	0.16445	0.06240	0.22929	0.12156	0.02714
DNK	Denmark	1976	0.35681	0.24478	0.13739	0.04348	0.06295
DNK	Denmark	1977	0.07841	-0.02968	0.17652	0.05860	0.00826
DNK	Denmark	1978	-0.00093	-0.09183	0.20147	0.09216	0.00672
DNK	Denmark	1979	0.02037	-0.06910	0.13808	0.03829	-0.00147
DNK	Denmark	1980	-0.01512	-0.12303	0.02287	-0.08920	-0.03659
DNK	Denmark	1981	0.77524	0.58866	-0.00566	-0.11016	-0.02678
DNK	Denmark	1982	0.34868	0.22472	0.02583	-0.06845	0.01980
DNK	Denmark	1983	0.81643	0.69906	0.26950	0.18747	0.01335
DNK	Denmark	1984	0.09640	0.03151	0.20299	0.13180	0.03155
DNK	Denmark	1985	0.06629	0.01863	0.21542	0.16110	0.03887
DNK	Denmark	1986	0.02780	-0.00867	0.15733	0.11628	0.06313
DNK	Denmark	1987	-0.13870	-0.17177	-0.03567	-0.07270	-0.02460
DNK	Denmark	1988	0.15420	0.10384	0.05575	0.00968	-0.02116
DNK	Denmark	1989	0.41858	0.35396	0.03913	-0.00821	-0.00266
DNK	Denmark	1990	0.11323	0.08458	-0.02597	-0.05104	0.00253
DNK	Denmark	1991	0.09394	0.06835	0.06817	0.04318	0.00920
DNK	Denmark	1992	-0.06935	-0.08846	0.04004	0.01869	0.01876
DNK	Denmark	1993	0.03356	0.02072	0.04931	0.03627	-0.02090
DNK	Denmark	1994	0.20573	0.18218	0.18370	0.16058	0.05276
DNK	Denmark	1995	0.01202	-0.00863	0.13138	0.10828	0.00748
DNK	Denmark	1996	0.31960	0.29215	0.15930	0.13518	0.01095
DNK	Denmark	1997	0.43762	0.40971	0.16401	0.14141	0.02257
DNK	Denmark	1998	-0.03903	-0.05149	0.13434	0.11964	0.01589
DNK	Denmark	1999	0.23249	0.20771	0.10935	0.08705	-0.00917
DNK	Denmark	2000	0.16970	0.13876	0.10535	0.07611	-0.00513
DNK	Denmark	2001	-0.12866	-0.14836	0.09728	0.07248	-0.00240
DNK	Denmark	2002	-0.20234	-0.22077	0.07380	0.04899	0.01241
DNK	Denmark	2003	0.33083	0.30471	0.06890	0.04792	0.00778
DNK	Denmark	2004	0.24031	0.22943	0.12655	0.11666	0.04532
DNK	Denmark	2005	0.43154	0.40794	0.21071	0.19075	0.03861
DNK	Denmark	2006	0.22443	0.20179	0.24603	0.22298	0.03159
DNK	Denmark	2007	0.07134	0.05389	0.07115	0.05370	0.01489
DNK	Denmark	2008	-0.47955	-0.49782	-0.02016	-0.05456	-0.01329
DNK	Denmark	2009	0.35473	0.34076	-0.09303	-0.10239	-0.05047
DNK	Denmark	2010	0.32678	0.29824	0.05900	0.03622	0.00336
DNK	Denmark	2011	-0.16320	-0.18485	0.00364	-0.02232	-0.00136
DNK	Denmark	2012	0.26642	0.23729	0.00093	-0.02209	0.00135
DNK	Denmark	2013	0.30648	0.29969	0.07414	0.06855	-0.00138
DNK	Denmark	2014	0.19768	0.19348	0.07226	0.06849	0.00400
DNK	Denmark	2015	0.33986	0.33684	0.02788	0.02557	0.01549
FIN	Finland	1950	0.83633	0.60145	0.16333	0.01453	0.07915
FIN	Finland	1951	0.13683	-0.02230	0.64490	0.41465	0.06542
FIN	Finland	1952	-0.12834	-0.13695	0.45856	0.44415	0.05033
FIN	Finland	1953	0.36808	0.34142	-0.02756	-0.04652	-0.03137
FIN	Finland	1954	0.05449	0.05449	0.29835	0.29835	0.05652
FIN	Finland	1955	0.60346	0.65165	0.10856	0.14188	0.07122
FIN	Finland	1956	0.02389	-0.07757	0.20753	0.08788	0.03092
FIN	Finland	1957	-0.15161	-0.23761	0.15883	0.04137	-0.02967
FIN	Finland	1958	0.05865	-0.00692	0.09847	0.03044	-0.03536
FIN	Finland	1959	0.43154	0.40978	0.28509	0.26555	0.06205
FIN	Finland	1960	0.14853	0.11262	0.20817	0.17040	0.07166
FIN	Finland	1961	-0.00779	-0.02540	0.12873	0.10870	0.06692
FIN	Finland	1962	0.14489	0.09596	0.40019	0.34035	0.05192
FIN	Finland	1963	0.04801	-0.00064	0.22310	0.16632	0.03641
FIN	Finland	1964	0.08780	-0.01425	0.23753	0.12143	0.04843
FIN	Finland	1965	-0.05769	-0.10098	0.27916	0.22039	0.05118
FIN	Finland	1966	-0.06924	-0.10449	0.21842	0.17227	0.02152
FIN	Finland	1967	-0.01287	-0.06551	0.15060	0.08924	0.01550
FIN	Finland	1968	0.40422	0.28608	0.15784	0.06043	-0.00384
FIN	Finland	1969	0.25863	0.23143	0.19302	0.16725	0.10248
FIN	Finland	1970	0.24894	0.21572	0.11479	0.08514	0.07650
FIN	Finland	1971	0.19758	0.12467	0.13490	0.06581	0.01538
FIN	Finland	1972	0.70677	0.59298	0.18519	0.10617	0.07498
FIN	Finland	1973	0.44167	0.29900	0.35261	0.21875	0.05242
FIN	Finland	1974	-0.17428	-0.29228	0.29642	0.11116	0.01246
FIN	Finland	1975	0.03365	-0.12262	0.14090	-0.03159	0.02667
FIN	Finland	1976	-0.13385	-0.24249	0.15333	0.00867	0.00849
FIN	Finland	1977	-0.11512	-0.21456	0.12179	-0.00427	-0.00937
FIN	Finland	1978	0.19232	0.10607	0.12837	0.04675	0.01741
FIN	Finland	1979	0.26251	0.17477	0.12979	0.05128	0.05185
FIN	Finland	1980	0.04081	-0.06732	0.29406	0.15961	0.02596
FIN	Finland	1981	0.23924	0.10639	0.24935	0.11541	0.00849
FIN	Finland	1982	0.41609	0.29244	0.29283	0.17995	0.03989
FIN	Finland	1983	0.68809	0.55778	0.27660	0.17805	0.02585
FIN	Finland	1984	-0.02878	-0.09289	0.20448	0.12498	0.02509
FIN	Finland	1985	0.16114	0.09678	0.11597	0.05412	0.03101
FIN	Finland	1986	0.65665	0.60997	0.10584	0.07467	0.03024
FIN	Finland	1987	0.31101	0.25960	0.19232	0.14556	0.04501
FIN	Finland	1988	0.34797	0.28260	0.43122	0.36181	0.04980
FIN	Finland	1989	-0.15490	-0.20747	0.27148	0.19239	0.04903
FIN	Finland	1990	-0.30560	-0.34554	-0.01559	-0.07221	-0.01620
FIN	Finland	1991	-0.19759	-0.22931	-0.09590	-0.13164	-0.04461
FIN	Finland	1992	0.08006	0.05267	-0.11782	-0.14019	-0.04682
FIN	Finland	1993	0.92862	0.88894	0.00962	-0.01115	-0.04364
FIN	Finland	1994	0.17701	0.16436	0.15603	0.14360	0.02021
FIN	Finland	1995	-0.06346	-0.07260	0.04739	0.03717	0.05495
FIN	Finland	1996	0.50785	0.49920	0.15526	0.14864	0.03213
FIN	Finland	1997	0.35157	0.33532	0.27534	0.26001	0.03051
FIN	Finland	1998	0.72053	0.69763	0.17861	0.16293	0.03868
FIN	Finland	1999	1.67038	1.63583	0.15969	0.14468	0.03292
FIN	Finland	2000	-0.09294	-0.11894	0.12928	0.09692	0.02685
FIN	Finland	2001	-0.30625	-0.32426	0.05510	0.02771	0.01622
FIN	Finland	2002	-0.32820	-0.34141	0.15280	0.13012	0.01207
FIN	Finland	2003	0.08504	0.07122	0.12875	0.11437	0.04060
FIN	Finland	2004	0.07573	0.07415	0.13543	0.13376	0.03001
FIN	Finland	2005	0.35206	0.34166	0.12349	0.11485	0.03661
FIN	Finland	2006	0.21827	0.20294	0.14277	0.12838	0.05494
FIN	Finland	2007	0.25042	0.23093	0.11313	0.09578	0.02365
FIN	Finland	2008	-0.51307	-0.53142	0.06503	0.02489	0.01027
FIN	Finland	2009	0.26212	0.24183	0.06463	0.04752	-0.02428
FIN	Finland	2010	0.23452	0.21405	0.14894	0.12989	0.02563
FIN	Finland	2011	-0.27021	-0.29369	0.08610	0.05116	0.02390
FIN	Finland	2012	0.14103	0.10606	0.08212	0.04896	-0.00092
FIN	Finland	2013	0.32243	0.29377	0.07091	0.04770	-0.00984
FIN	Finland	2014	0.10743	0.09419	0.05041	0.03785	0.00191
FIN	Finland	2015	0.14864	0.15043	0.04998	0.05162	0.01265
FRA	France	1950	-0.15076	-0.22698	0.13528	0.03339	0.04336
FRA	France	1951	0.44295	0.23681	0.20334	0.03143	0.06526
FRA	France	1952	0.13945	0.01657	0.26605	0.12951	0.03090
FRA	France	1953	0.23160	0.25623	0.20164	0.22567	0.03233
FRA	France	1954	1.15856	1.15856	0.20701	0.20701	0.03056
FRA	France	1955	-0.03663	-0.04617	0.28556	0.27284	0.04434
FRA	France	1956	0.03151	0.00175	0.36678	0.32735	0.04837
FRA	France	1957	0.14294	0.09051	0.31685	0.25644	0.03715
FRA	France	1958	-0.08519	-0.20229	0.30130	0.13474	-0.00671
FRA	France	1959	0.26739	0.19115	0.28426	0.20701	0.01072
FRA	France	1960	-0.07178	-0.10541	0.29588	0.24893	0.04113
FRA	France	1961	0.04901	0.01946	0.21461	0.18040	0.04716
FRA	France	1962	-0.10588	-0.14788	0.22994	0.17216	0.05317
FRA	France	1963	-0.18257	-0.21925	0.30464	0.24610	0.05433
FRA	France	1964	-0.07981	-0.10838	0.30275	0.26229	0.04448
FRA	France	1965	-0.04782	-0.07650	0.27716	0.23869	0.03045
FRA	France	1966	-0.17162	-0.19548	0.16280	0.12931	0.03913
FRA	France	1967	-0.02192	-0.04848	0.11748	0.08713	0.04118
FRA	France	1968	0.17395	0.12293	0.13682	0.08741	0.03458
FRA	France	1969	0.23662	0.16612	0.16694	0.10041	0.05618
FRA	France	1970	-0.08762	-0.13354	0.10162	0.04617	0.03453
FRA	France	1971	-0.05679	-0.10509	0.12105	0.06364	0.04373
FRA	France	1972	0.16952	0.10267	0.15143	0.08561	0.04114
FRA	France	1973	-0.03170	-0.09826	0.16595	0.08581	0.04988
FRA	France	1974	-0.27135	-0.35886	0.20613	0.06127	0.02782
FRA	France	1975	0.31950	0.18144	0.17482	0.05190	0.01259
FRA	France	1976	-0.11293	-0.19082	0.21345	0.10690	0.04915
FRA	France	1977	-0.16803	-0.24017	0.20353	0.09917	0.02159
FRA	France	1978	0.62094	0.48369	0.16457	0.06597	0.03295
FRA	France	1979	0.09008	-0.01481	0.17869	0.06527	0.02352
FRA	France	1980	0.08802	-0.04192	0.24535	0.09662	0.00838
FRA	France	1981	-0.11161	-0.21600	0.15449	0.01884	0.01520
FRA	France	1982	0.10402	-0.01408	0.09997	-0.01769	0.02624
FRA	France	1983	0.58669	0.44957	0.09670	0.00192	0.00334
FRA	France	1984	0.14484	0.06325	0.08575	0.00837	0.00290
FRA	France	1985	0.37106	0.29552	0.08086	0.02130	0.01564
FRA	France	1986	0.38241	0.34819	0.09533	0.06822	0.03112
FRA	France	1987	-0.23759	-0.26186	0.12045	0.08477	0.02696
FRA	France	1988	0.62350	0.58081	0.15703	0.12660	0.02573
FRA	France	1989	0.30861	0.26438	0.16734	0.12789	0.01996
FRA	France	1990	-0.21963	-0.24379	0.13181	0.09678	0.01894
FRA	France	1991	0.16629	0.12998	0.09423	0.06016	0.00151
FRA	France	1992	0.04760	0.02341	0.01849	-0.00503	0.00389
FRA	France	1993	0.36441	0.33629	0.03063	0.00938	-0.00868
FRA	France	1994	-0.14313	-0.15708	0.04513	0.02811	0.01006
FRA	France	1995	0.01892	0.00094	0.03917	0.02084	0.01255
FRA	France	1996	0.30595	0.28056	0.05859	0.03801	0.01240
FRA	France	1997	0.27768	0.26248	0.04536	0.03293	0.00146
FRA	France	1998	0.31297	0.30447	0.07247	0.06553	0.03448
FRA	France	1999	0.55628	0.54796	0.11905	0.11307	0.03037
FRA	France	2000	0.00534	-0.01124	0.13620	0.11748	0.03102
FRA	France	2001	-0.19238	-0.20537	0.12331	0.10524	0.02005
FRA	France	2002	-0.29273	-0.30607	0.12906	0.10775	0.01518
FRA	France	2003	0.21223	0.18731	0.15775	0.13395	0.01221
FRA	France	2004	0.12998	0.10628	0.18774	0.16283	0.01965
FRA	France	2005	0.28433	0.26229	0.18682	0.16645	0.01642
FRA	France	2006	0.22561	0.20542	0.14980	0.13086	0.01796
FRA	France	2007	0.03063	0.01552	0.09270	0.07668	0.00539
FRA	France	2008	-0.40893	-0.42510	0.03427	0.00597	-0.00100
FRA	France	2009	0.29032	0.28919	-0.04475	-0.04559	0.00119
FRA	France	2010	0.04189	0.02618	0.08001	0.06372	0.01330
FRA	France	2011	-0.13389	-0.15180	0.08704	0.06456	0.00132
FRA	France	2012	0.20369	0.18062	0.02206	0.00247	-0.00908
FRA	France	2013	0.22217	0.21171	0.00595	-0.00267	-0.00007
FRA	France	2014	0.02708	0.02190	0.01019	0.00509	0.00343
FRA	France	2015	0.11945	0.11903	0.01063	0.01025	0.01113
ITA	Italy	1950	0.09795	0.10560	0.02974	0.03691	0.02494
ITA	Italy	1951	0.13668	-0.00541	0.21228	0.06075	0.02545
ITA	Italy	1952	0.41880	0.39290	0.04753	0.02841	0.05908
ITA	Italy	1953	0.08180	0.06665	0.03888	0.02434	0.05777
ITA	Italy	1954	0.34936	0.30847	0.07571	0.04311	0.00792
ITA	Italy	1955	0.07480	0.04319	0.05734	0.02624	0.03914
ITA	Italy	1956	0.04603	0.01614	0.06712	0.03663	0.04177
ITA	Italy	1957	0.03657	0.02197	0.06733	0.05229	0.04445
ITA	Italy	1958	0.29207	0.25667	0.05007	0.02131	0.03503
ITA	Italy	1959	0.60400	0.60400	0.04701	0.04701	0.04153
ITA	Italy	1960	0.23028	0.21365	0.08383	0.06919	0.05523
ITA	Italy	1961	0.05376	0.02602	0.10609	0.07698	0.06670
ITA	Italy	1962	-0.13783	-0.17057	0.13920	0.09594	0.07054
ITA	Italy	1963	-0.11273	-0.17536	0.15482	0.07331	0.08773
ITA	Italy	1964	-0.22266	-0.26585	0.17531	0.11001	0.03322
ITA	Italy	1965	0.25353	0.20018	0.05562	0.01070	0.02701
ITA	Italy	1966	0.00905	-0.02216	0.06906	0.03600	0.06086
ITA	Italy	1967	0.04693	0.01552	0.07243	0.04025	0.06346
ITA	Italy	1968	0.05510	0.03441	0.14579	0.12332	0.04623
ITA	Italy	1969	0.18874	0.16588	0.09040	0.06943	0.06342
ITA	Italy	1970	-0.16629	-0.20454	0.11604	0.06485	0.05192
ITA	Italy	1971	-0.13208	-0.17736	0.08347	0.02694	0.03220
ITA	Italy	1972	0.13676	0.08040	0.14696	0.09008	0.02694
ITA	Italy	1973	0.19723	0.08108	0.14807	0.03669	0.05084
ITA	Italy	1974	-0.27807	-0.39538	0.95594	0.63810	0.02382
ITA	Italy	1975	-0.01970	-0.16124	0.05788	-0.09486	-0.00358
ITA	Italy	1976	-0.07536	-0.20685	0.29408	0.11006	0.03838
ITA	Italy	1977	-0.25169	-0.36277	0.10139	-0.06210	0.02656
ITA	Italy	1978	0.31607	0.17391	0.14079	0.01757	0.02242
ITA	Italy	1979	0.09938	-0.04097	0.27502	0.11225	0.06292
ITA	Italy	1980	0.83847	0.51593	0.40840	0.16131	0.05597
ITA	Italy	1981	0.08285	-0.08073	0.32348	0.12355	0.01481
ITA	Italy	1982	-0.08782	-0.21623	0.16040	-0.00295	0.00905
ITA	Italy	1983	0.32557	0.15644	0.10840	-0.03302	-0.00225
ITA	Italy	1984	0.20127	0.08374	0.04732	-0.05515	0.02863
ITA	Italy	1985	0.99938	0.83079	0.05685	-0.03226	0.02812
ITA	Italy	1986	0.73319	0.63822	0.06859	0.01004	0.04000
ITA	Italy	1987	-0.28499	-0.31730	0.10264	0.05282	0.03583
ITA	Italy	1988	0.27984	0.21759	0.18197	0.12447	0.03967
ITA	Italy	1989	0.12505	0.05916	0.22976	0.15773	0.03840
ITA	Italy	1990	-0.28007	-0.32399	0.24698	0.17091	0.01956
ITA	Italy	1991	0.04991	-0.01231	0.18052	0.11055	0.02631
ITA	Italy	1992	-0.01859	-0.06604	0.18303	0.12584	0.01583
ITA	Italy	1993	0.51399	0.44912	0.06082	0.01537	-0.03203
ITA	Italy	1994	0.09471	0.05233	0.01736	-0.02203	0.01515
ITA	Italy	1995	-0.00282	-0.05251	0.05503	0.00246	0.01470
ITA	Italy	1996	0.07913	0.03803	0.07578	0.03482	0.00915
ITA	Italy	1997	0.59717	0.56819	0.06592	0.04658	0.03071
ITA	Italy	1998	0.45186	0.42295	0.04236	0.02161	0.03364
ITA	Italy	1999	0.23055	0.21056	0.05436	0.03724	0.02498
ITA	Italy	2000	0.08858	0.06120	0.08839	0.06101	0.02295
ITA	Italy	2001	-0.22175	-0.23943	0.10820	0.08303	0.00619
ITA	Italy	2002	-0.18566	-0.20638	0.15118	0.12188	-0.00142
ITA	Italy	2003	0.17216	0.14009	0.09978	0.06969	0.00192
ITA	Italy	2004	0.26379	0.23590	0.10501	0.08062	-0.00314
ITA	Italy	2005	0.20897	0.18287	0.10536	0.08150	-0.00152
ITA	Italy	2006	0.22232	0.19566	0.09011	0.06633	0.01511
ITA	Italy	2007	-0.04195	-0.06097	0.07691	0.05554	-0.00290
ITA	Italy	2008	-0.46840	-0.48634	0.04693	0.01160	-0.02406
ITA	Italy	2009	0.22565	0.21634	0.02471	0.01693	-0.02676
ITA	Italy	2010	-0.07459	-0.08934	0.02434	0.00802	0.00885
ITA	Italy	2011	-0.21319	-0.23563	0.03922	0.00958	-0.00107
ITA	Italy	2012	0.13068	0.09440	-0.01082	-0.04256	-0.04055
ITA	Italy	2013	0.22843	0.21333	-0.02137	-0.03341	-0.03634
ITA	Italy	2014	0.03466	0.03225	-0.00545	-0.00777	-0.00743
ITA	Italy	2015	0.17594	0.17466	0.01364	0.01253	0.01912
NLD	Netherlands	1950	0.02515	-0.05949	0.05347	-0.03351	0.00018
NLD	Netherlands	1951	0.03893	-0.07178	0.10508	-0.01267	-0.03553
NLD	Netherlands	1952	-0.04734	-0.04734	0.10437	0.10437	-0.00548
NLD	Netherlands	1953	0.22624	0.22624	0.16138	0.16138	0.04238
NLD	Netherlands	1954	0.72942	0.66290	0.15891	0.11433	0.05293
NLD	Netherlands	1955	0.22892	0.20574	0.20375	0.18104	0.05282
NLD	Netherlands	1956	0.11082	0.09025	0.18510	0.16315	0.06027
NLD	Netherlands	1957	-0.07763	-0.13062	0.12338	0.05884	-0.00963
NLD	Netherlands	1958	0.40306	0.37310	0.12910	0.10499	-0.01162
NLD	Netherlands	1959	0.32759	0.31357	0.19666	0.18402	0.02920
NLD	Netherlands	1960	0.07463	0.05023	0.18145	0.15462	0.04765
NLD	Netherlands	1961	0.05401	0.04041	0.23679	0.22083	0.03993
NLD	Netherlands	1962	-0.05242	-0.07360	0.20776	0.18077	0.04560
NLD	Netherlands	1963	0.13272	0.09607	0.12462	0.08824	0.05586
NLD	Netherlands	1964	0.17243	0.10825	0.12057	0.05923	0.04454
NLD	Netherlands	1965	-0.07081	-0.12171	-0.03671	-0.08947	0.05935
NLD	Netherlands	1966	-0.14302	-0.18997	-0.03438	-0.08729	0.01873
NLD	Netherlands	1967	0.33058	0.28574	0.14137	0.10291	0.04172
NLD	Netherlands	1968	0.34616	0.29844	0.14078	0.10034	0.05403
NLD	Netherlands	1969	-0.03080	-0.09781	0.36570	0.27127	0.06333
NLD	Netherlands	1970	-0.04418	-0.07811	0.28946	0.24369	0.05874
NLD	Netherlands	1971	-0.05353	-0.11938	0.19230	0.10934	0.01984
NLD	Netherlands	1972	0.30857	0.21398	0.16586	0.08159	0.01572
NLD	Netherlands	1973	-0.13726	-0.20127	0.18692	0.09886	0.03705
NLD	Netherlands	1974	-0.19213	-0.26295	0.17582	0.07274	0.02383
NLD	Netherlands	1975	0.47473	0.33808	0.18410	0.07438	0.02085
NLD	Netherlands	1976	0.05433	-0.03324	0.36457	0.25124	0.04602
NLD	Netherlands	1977	0.09302	0.02656	0.43101	0.34400	0.03445
NLD	Netherlands	1978	0.05776	0.01629	0.11822	0.07438	0.03902
NLD	Netherlands	1979	0.11091	0.06603	-0.01666	-0.05639	0.00610
NLD	Netherlands	1980	0.18620	0.11337	-0.04287	-0.10163	-0.00902
NLD	Netherlands	1981	-0.00594	-0.06878	-0.05352	-0.11336	-0.04485
NLD	Netherlands	1982	0.24104	0.17231	-0.05309	-0.10553	-0.01373
NLD	Netherlands	1983	0.60514	0.56107	0.08709	0.05724	0.00621
NLD	Netherlands	1984	0.28100	0.24040	0.06463	0.03088	0.01295
NLD	Netherlands	1985	0.33099	0.30204	0.07626	0.05285	0.01320
NLD	Netherlands	1986	0.09501	0.09392	0.12459	0.12347	0.01733
NLD	Netherlands	1987	-0.17890	-0.17304	0.12229	0.13029	0.01476
NLD	Netherlands	1988	0.35225	0.34223	0.12019	0.11189	0.00948
NLD	Netherlands	1989	0.27496	0.26131	0.13978	0.12758	0.02564
NLD	Netherlands	1990	-0.13129	-0.15210	0.09063	0.06450	0.03253
NLD	Netherlands	1991	0.18728	0.15121	0.09803	0.06467	0.01893
NLD	Netherlands	1992	0.07924	0.04594	0.15811	0.12238	-0.00017
NLD	Netherlands	1993	0.47247	0.43538	0.15474	0.12565	0.00134
NLD	Netherlands	1994	0.02285	-0.00502	0.19333	0.16081	0.01323
NLD	Netherlands	1995	0.19815	0.17554	0.13494	0.11352	0.02164
NLD	Netherlands	1996	0.40328	0.37473	0.17359	0.14972	0.03856
NLD	Netherlands	1997	0.44899	0.42260	0.17776	0.15631	0.02878
NLD	Netherlands	1998	0.22288	0.20144	0.16527	0.14484	0.04418
NLD	Netherlands	1999	0.30649	0.28042	0.21444	0.19020	0.04515
NLD	Netherlands	2000	-0.02128	-0.04374	0.22732	0.19916	0.02896
NLD	Netherlands	2001	-0.19218	-0.23147	0.15110	0.09511	0.01037
NLD	Netherlands	2002	-0.32825	-0.35316	0.10141	0.06056	0.00259
NLD	Netherlands	2003	0.09192	0.06813	0.07128	0.04793	-0.00675
NLD	Netherlands	2004	0.09735	0.08238	0.07795	0.06324	0.00650
NLD	Netherlands	2005	0.30318	0.28404	0.07433	0.05855	0.00465
NLD	Netherlands	2006	0.20137	0.18184	0.07982	0.06227	-0.01122
NLD	Netherlands	2007	0.08165	0.06476	0.07477	0.05798	0.01607
NLD	Netherlands	2008	-0.49462	-0.50556	0.06166	0.03867	0.00826
NLD	Netherlands	2009	0.44535	0.43143	-0.00171	-0.01132	-0.01361
NLD	Netherlands	2010	0.09256	0.08249	0.01445	0.00511	-0.00488
NLD	Netherlands	2011	-0.09285	-0.11471	0.01137	-0.01300	-0.00397
NLD	Netherlands	2012	0.12577	0.09491	-0.02525	-0.05197	-0.01518
NLD	Netherlands	2013	0.18547	0.15593	-0.01854	-0.04299	-0.01264
NLD	Netherlands	2014	0.09625	0.09275	0.05436	0.05099	0.00014
NLD	Netherlands	2015	0.08113	0.07876	0.08225	0.07987	0.01515
NOR	Norway	1950	0.18171	0.12292	0.08620	0.03215	0.01257
NOR	Norway	1951	0.12378	-0.02992	0.03299	-0.10829	-0.00836
NOR	Norway	1952	-0.02079	-0.10166	0.10858	0.01702	0.03020
NOR	Norway	1953	-0.01152	-0.03105	0.17049	0.14736	0.02931
NOR	Norway	1954	0.29334	0.23842	-0.04231	-0.08297	0.01998
NOR	Norway	1955	0.08791	0.07869	0.38328	0.37156	0.02073
NOR	Norway	1956	0.17782	0.13501	0.08971	0.05010	0.01994
NOR	Norway	1957	-0.11736	-0.14101	0.08626	0.05715	0.01405
NOR	Norway	1958	-0.03446	-0.07936	0.14718	0.09383	-0.00552
NOR	Norway	1959	0.13142	0.10718	0.04828	0.02583	0.03198
NOR	Norway	1960	0.10149	0.09801	0.16095	0.15728	0.07142
NOR	Norway	1961	0.08808	0.06076	0.11127	0.08336	0.04906
NOR	Norway	1962	-0.19031	-0.23063	0.15596	0.09839	0.02226
NOR	Norway	1963	0.10737	0.07905	0.16732	0.13746	0.02632
NOR	Norway	1964	0.02982	-0.02509	0.13511	0.07459	0.02917
NOR	Norway	1965	-0.02992	-0.06949	0.19215	0.14352	0.01658
NOR	Norway	1966	-0.08572	-0.11495	0.12622	0.09021	0.02760
NOR	Norway	1967	-0.03390	-0.07453	0.12425	0.07696	0.02959
NOR	Norway	1968	0.14181	0.10288	0.12885	0.09036	0.02768
NOR	Norway	1969	0.21763	0.18132	0.14926	0.11499	0.06639
NOR	Norway	1970	0.36287	0.23237	0.21157	0.09555	-0.00747
NOR	Norway	1971	-0.18755	-0.23526	0.12382	0.05783	0.04781
NOR	Norway	1972	0.16951	0.09079	0.20052	0.11971	0.01818
NOR	Norway	1973	0.43882	0.33910	0.11974	0.04214	0.02950
NOR	Norway	1974	-0.32542	-0.38350	0.11333	0.01748	0.02556
NOR	Norway	1975	-0.11796	-0.21024	0.19548	0.07041	0.04819
NOR	Norway	1976	0.12048	0.02636	0.11413	0.02054	0.05480
NOR	Norway	1977	-0.21684	-0.28193	0.28248	0.17590	0.05894
NOR	Norway	1978	0.09471	0.01218	0.19422	0.10419	-0.02208
NOR	Norway	1979	0.61350	0.54000	0.14611	0.09390	0.03703
NOR	Norway	1980	-0.04689	-0.14054	0.17006	0.05509	0.01656
NOR	Norway	1981	0.20941	0.06400	0.38041	0.21443	-0.00237
NOR	Norway	1982	-0.12115	-0.21068	0.29221	0.16057	0.00529
NOR	Norway	1983	0.92804	0.77845	0.11776	0.03104	0.01660
NOR	Norway	1984	0.32284	0.24468	0.14604	0.07834	0.02962
NOR	Norway	1985	0.35791	0.28510	0.13400	0.07319	0.08982
NOR	Norway	1986	-0.06623	-0.12883	0.36054	0.26932	0.04547
NOR	Norway	1987	-0.10823	-0.17980	0.28122	0.17840	-0.01283
NOR	Norway	1988	0.33756	0.25358	0.04044	-0.02488	-0.02884
NOR	Norway	1989	0.59781	0.52819	-0.08937	-0.12905	-0.01209
NOR	Norway	1990	-0.07800	-0.11442	0.02072	-0.01961	0.00256
NOR	Norway	1991	-0.11708	-0.14629	-0.00971	-0.04247	0.01804
NOR	Norway	1992	-0.04774	-0.06954	-0.00338	-0.02619	0.01803
NOR	Norway	1993	0.59363	0.55824	0.15413	0.12849	0.01786
NOR	Norway	1994	0.11406	0.09870	0.22849	0.21155	0.02878
NOR	Norway	1995	0.16799	0.13999	0.15473	0.12704	0.03425
NOR	Norway	1996	0.33443	0.31783	0.17880	0.16414	0.06010
NOR	Norway	1997	0.36776	0.33337	0.15731	0.12821	0.02719
NOR	Norway	1998	-0.26890	-0.28665	0.21099	0.18160	0.02278
NOR	Norway	1999	0.47665	0.44298	0.19233	0.16515	0.02971
NOR	Norway	2000	0.04273	0.01152	0.20970	0.17349	0.03579
NOR	Norway	2001	-0.14613	-0.17114	0.13136	0.09822	0.01678
NOR	Norway	2002	-0.31086	-0.31963	0.12194	0.10767	0.02523
NOR	Norway	2003	0.48399	0.44814	0.07309	0.04717	0.02293
NOR	Norway	2004	0.38445	0.37804	0.19624	0.19070	0.04787
NOR	Norway	2005	0.40477	0.38371	0.16776	0.15026	0.02482
NOR	Norway	2006	0.32435	0.29417	0.21546	0.18776	0.03791
NOR	Norway	2007	0.11461	0.10654	0.16476	0.15633	0.04138
NOR	Norway	2008	-0.54061	-0.55729	-0.00400	-0.04015	0.00416
NOR	Norway	2009	0.64782	0.61287	0.05768	0.03524	-0.01233
NOR	Norway	2010	0.18347	0.15575	0.13144	0.10493	0.02447
NOR	Norway	2011	-0.12456	-0.13580	0.13359	0.11903	0.02065
NOR	Norway	2012	0.15363	0.14551	0.10844	0.10063	0.02121
NOR	Norway	2013	0.23592	0.21012	0.07861	0.05610	0.01563
NOR	Norway	2014	0.04952	0.02869	0.06491	0.04377	0.00922
NOR	Norway	2015	0.05941	0.03687	0.09849	0.07513	0.01679
PRT	Portugal	1950	0.00828	0.03495	-0.02799	-0.00228	0.01047
PRT	Portugal	1951	0.17749	0.16137	0.13047	0.11500	0.04825
PRT	Portugal	1952	0.15276	0.15097	0.03850	0.03689	-0.00981
PRT	Portugal	1953	0.12199	0.11196	0.20377	0.19300	0.06134
PRT	Portugal	1954	0.30218	0.29195	0.09160	0.08302	0.03783
PRT	Portugal	1955	-0.00266	-0.03520	0.21476	0.17513	0.03287
PRT	Portugal	1956	-0.00906	-0.05074	0.06623	0.02139	-0.00051
PRT	Portugal	1957	-0.03429	-0.03452	0.02173	0.02149	0.04758
PRT	Portugal	1958	-0.04944	-0.06287	0.13116	0.11518	0.02149
PRT	Portugal	1959	0.11209	0.09760	0.12695	0.11227	0.04166
PRT	Portugal	1960	0.08053	0.05710	0.18464	0.15895	0.04568
PRT	Portugal	1961	-0.02387	-0.02146	0.04330	0.04587	0.05323
PRT	Portugal	1962	-0.06358	-0.06316	-0.09209	-0.09168	0.05176
PRT	Portugal	1963	0.16057	0.13114	0.05171	0.02504	0.05862
PRT	Portugal	1964	0.19379	0.13807	0.11115	0.05929	0.03593
PRT	Portugal	1965	0.09501	0.06053	0.05660	0.02334	0.08815
PRT	Portugal	1966	0.14293	0.11459	0.06092	0.03462	0.03920
PRT	Portugal	1967	-0.04399	-0.08228	-0.00764	-0.04739	0.04885
PRT	Portugal	1968	0.05354	0.03305	0.11459	0.09291	0.06461
PRT	Portugal	1969	0.31890	0.28440	0.09991	0.07114	-0.02383
PRT	Portugal	1970	0.09905	0.04638	0.08112	0.02931	0.09465
PRT	Portugal	1971	0.19487	0.11251	0.25665	0.17003	0.10111
PRT	Portugal	1972	0.46552	0.35200	0.14798	0.05906	0.04478
PRT	Portugal	1973	0.73811	0.61405	0.27289	0.18204	0.06462
PRT	Portugal	1974	-0.23353	-0.44411	0.23793	-0.10218	0.07059
PRT	Portugal	1975	-0.44303	-0.53011	-0.11041	-0.24949	-0.09210
PRT	Portugal	1976	-0.44303	-0.53832	0.19624	-0.00841	-0.01092
PRT	Portugal	1977	-0.44080	-0.57946	0.33260	0.00216	0.02157
PRT	Portugal	1978	-0.22110	-0.38553	0.32383	0.04435	0.05806
PRT	Portugal	1979	0.40605	0.13300	0.26871	0.02232	0.06627
PRT	Portugal	1980	1.07054	0.74881	0.33431	0.12698	0.07634
PRT	Portugal	1981	-0.31103	-0.40647	0.44866	0.24798	0.01738
PRT	Portugal	1982	-0.15460	-0.30931	0.29110	0.05483	0.01883
PRT	Portugal	1983	-0.03658	-0.23234	0.29556	0.03232	-0.00476
PRT	Portugal	1984	0.07049	-0.16887	0.25390	-0.02648	-0.00138
PRT	Portugal	1985	1.36882	0.98061	0.24858	0.04396	0.01170
PRT	Portugal	1986	0.92671	0.72336	0.20501	0.07783	0.06055
PRT	Portugal	1987	1.11877	0.94109	0.26226	0.15640	0.07841
PRT	Portugal	1988	-0.27715	-0.34255	0.26517	0.15071	0.08300
PRT	Portugal	1989	0.31688	0.16952	0.24214	0.10314	0.04227
PRT	Portugal	1990	-0.32945	-0.40869	0.25057	0.10280	0.07547
PRT	Portugal	1991	-0.02298	-0.12297	0.19445	0.07222	0.08040
PRT	Portugal	1992	-0.11212	-0.18468	0.11301	0.02205	0.03495
PRT	Portugal	1993	0.53246	0.43893	0.10702	0.03945	0.00215
PRT	Portugal	1994	0.08416	0.03057	0.09362	0.03957	0.00238
PRT	Portugal	1995	-0.04594	-0.08351	0.18412	0.13748	0.01271
PRT	Portugal	1996	0.32568	0.28582	0.03917	0.00793	0.02972
PRT	Portugal	1997	0.65247	0.61690	0.13782	0.11332	0.02970
PRT	Portugal	1998	0.26245	0.23509	0.20602	0.17988	0.04481
PRT	Portugal	1999	0.12566	0.10177	0.16496	0.14023	0.04522
PRT	Portugal	2000	-0.08215	-0.10720	0.11627	0.08581	0.03149
PRT	Portugal	2001	-0.19036	-0.22455	0.10937	0.06252	0.00829
PRT	Portugal	2002	-0.20653	-0.23485	0.09772	0.05854	0.00864
PRT	Portugal	2003	0.17397	0.13716	0.16217	0.12573	-0.00331
PRT	Portugal	2004	0.17997	0.15108	0.22452	0.19454	0.01972
PRT	Portugal	2005	0.17187	0.14743	0.16780	0.14345	0.01620
PRT	Portugal	2006	0.33272	0.29333	0.11013	0.07732	0.00349
PRT	Portugal	2007	0.18311	0.15513	0.04742	0.02264	0.01181
PRT	Portugal	2008	-0.49718	-0.51017	0.05262	0.02543	0.01438
PRT	Portugal	2009	0.39963	0.41239	-0.05473	-0.04611	-0.01048
PRT	Portugal	2010	-0.06211	-0.07498	0.04543	0.03109	0.02323
PRT	Portugal	2011	-0.20373	-0.23106	-0.10757	-0.13821	-0.07105
PRT	Portugal	2012	0.07693	0.04784	-0.01037	-0.03710	-0.05060
PRT	Portugal	2013	0.15601	0.15095	0.01348	0.00905	-0.00499
PRT	Portugal	2014	-0.21121	-0.20995	0.07703	0.07875	0.02892
PRT	Portugal	2015	0.18605	0.18006	0.06396	0.05858	0.02432
ESP	Spain	1950	0.06614	-0.03820	-0.03355	-0.12813	0.04143
ESP	Spain	1951	0.19546	0.09247	0.16805	0.06742	0.12832
ESP	Spain	1952	0.09630	0.11850	0.04044	0.06152	0.04768
ESP	Spain	1953	0.04131	0.02471	0.26497	0.24479	-0.03861
ESP	Spain	1954	0.26043	0.24510	0.21554	0.20076	0.03913
ESP	Spain	1955	0.37714	0.32387	0.06624	0.02499	0.02817
ESP	Spain	1956	0.49410	0.41139	0.05645	-0.00203	0.07315
ESP	Spain	1957	0.09217	-0.01407	0.14007	0.02917	0.07032
ESP	Spain	1958	-0.11817	-0.22214	0.07717	-0.04984	0.07709
ESP	Spain	1959	-0.05388	-0.11827	0.49524	0.39347	0.01237
ESP	Spain	1960	0.02201	0.00980	-0.20193	-0.21147	-0.04455
ESP	Spain	1961	0.28370	0.25846	0.36653	0.33966	0.09729
ESP	Spain	1962	0.25330	0.18575	0.21063	0.14538	0.07840
ESP	Spain	1963	0.08891	0.00144	0.16702	0.07327	0.09615
ESP	Spain	1964	0.01599	-0.05033	0.17551	0.09878	0.03977
ESP	Spain	1965	0.09912	-0.01726	0.18769	0.06193	0.06649
ESP	Spain	1966	0.07835	0.00261	0.13465	0.05496	0.05881
ESP	Spain	1967	0.08036	0.01559	0.09723	0.03144	0.05056
ESP	Spain	1968	0.22479	0.16689	0.12644	0.07318	0.04180
ESP	Spain	1969	0.52444	0.49234	0.28417	0.25713	0.06086
ESP	Spain	1970	0.09526	0.03579	0.15003	0.08760	0.03083
ESP	Spain	1971	0.04052	-0.03851	0.17987	0.09026	0.04248
ESP	Spain	1972	0.34751	0.24476	0.22713	0.13356	0.07387
ESP	Spain	1973	0.29760	0.16438	0.15305	0.03467	0.06612
ESP	Spain	1974	0.04121	-0.09438	0.15887	0.00796	0.04099
ESP	Spain	1975	-0.11339	-0.24650	0.08520	-0.07773	0.02434
ESP	Spain	1976	-0.10936	-0.24288	0.16002	-0.01389	0.04038
ESP	Spain	1977	-0.28759	-0.42797	0.24436	-0.00083	0.01716
ESP	Spain	1978	-0.13261	-0.27581	0.30142	0.08656	0.01847
ESP	Spain	1979	-0.07151	-0.19723	0.23947	0.07164	0.00091
ESP	Spain	1980	0.00962	-0.12629	0.10852	-0.04070	0.01265
ESP	Spain	1981	0.42420	0.24328	0.12224	-0.02032	-0.01791
ESP	Spain	1982	0.00001	-0.12597	0.11366	-0.02664	-0.00518
ESP	Spain	1983	0.12421	0.00218	0.11967	-0.00186	0.00010
ESP	Spain	1984	0.46708	0.31839	0.13896	0.02353	-0.00462
ESP	Spain	1985	0.34465	0.23573	0.15655	0.06287	0.03282
ESP	Spain	1986	1.13260	0.96019	0.22215	0.12335	0.03173
ESP	Spain	1987	0.47929	0.40553	0.26396	0.20094	0.05588
ESP	Spain	1988	0.14383	0.09106	0.28269	0.22351	0.04824
ESP	Spain	1989	0.12630	0.05467	0.26157	0.18133	0.05593
ESP	Spain	1990	-0.11797	-0.17352	0.18136	0.10696	0.03717
ESP	Spain	1991	0.05410	-0.00495	0.16690	0.10153	0.02883
ESP	Spain	1992	-0.08083	-0.13224	0.00904	-0.04740	0.01901
ESP	Spain	1993	0.56100	0.49280	0.02066	-0.02393	-0.02530
ESP	Spain	1994	-0.09200	-0.13290	0.03332	-0.01323	0.00662
ESP	Spain	1995	0.15700	0.10531	0.05845	0.01117	0.01390
ESP	Spain	1996	0.42900	0.37991	0.05461	0.01838	0.02006
ESP	Spain	1997	0.45400	0.42721	0.07288	0.05311	0.02409
ESP	Spain	1998	0.39500	0.37084	0.07892	0.06023	0.03947
ESP	Spain	1999	0.19700	0.17082	0.09951	0.07546	0.04400
ESP	Spain	2000	-0.10400	-0.13417	0.10397	0.06680	0.03960
ESP	Spain	2001	-0.03638	-0.06977	0.12280	0.08390	0.03159
ESP	Spain	2002	-0.20465	-0.22860	0.19601	0.16000	0.01373
ESP	Spain	2003	0.32978	0.29055	0.22350	0.18741	0.00499
ESP	Spain	2004	0.23082	0.19452	0.20368	0.16818	0.02390
ESP	Spain	2005	0.25783	0.21684	0.16384	0.12592	0.02104
ESP	Spain	2006	0.40547	0.35774	0.11701	0.07907	0.02115
ESP	Spain	2007	0.09162	0.06202	0.07049	0.04146	0.01285
ESP	Spain	2008	-0.36947	-0.39416	0.01763	-0.02222	-0.02290
ESP	Spain	2009	0.35605	0.35996	-0.05973	-0.05702	-0.04510
ESP	Spain	2010	-0.14670	-0.16178	-0.00902	-0.02653	-0.00174
ESP	Spain	2011	-0.08771	-0.11596	-0.03734	-0.06716	-0.02848
ESP	Spain	2012	0.05011	0.02504	-0.06804	-0.09028	-0.03440
ESP	Spain	2013	0.29880	0.28076	-0.13461	-0.14663	-0.02602
ESP	Spain	2014	0.09085	0.09249	0.02797	0.02953	0.01974
ESP	Spain	2015	-0.03199	-0.02712	0.06049	0.06582	0.02983
SWE	Sweden	1950	0.28483	0.26507	-0.02350	-0.03852	0.11268
SWE	Sweden	1951	0.23161	0.05335	-0.03432	-0.17409	-0.01909
SWE	Sweden	1952	-0.11041	-0.17044	0.21621	0.13413	0.02876
SWE	Sweden	1953	0.18324	0.17603	0.14412	0.13715	0.01955
SWE	Sweden	1954	0.38268	0.37430	-0.23448	-0.23912	0.03464
SWE	Sweden	1955	-0.02632	-0.05217	0.22284	0.19037	0.02369
SWE	Sweden	1956	0.02587	-0.02312	0.35688	0.29208	0.02108
SWE	Sweden	1957	0.08447	0.03783	0.34500	0.28715	0.00845
SWE	Sweden	1958	0.22361	0.17316	0.11869	0.07256	0.01825
SWE	Sweden	1959	0.48297	0.47160	0.11966	0.11107	0.03077
SWE	Sweden	1960	0.03793	-0.00288	0.13192	0.08743	0.01098
SWE	Sweden	1961	0.02455	0.00238	0.14842	0.12357	0.04664
SWE	Sweden	1962	-0.05071	-0.09425	0.12700	0.07531	0.02721
SWE	Sweden	1963	0.28253	0.24540	0.17322	0.13925	0.03785
SWE	Sweden	1964	0.19935	0.16308	0.18550	0.14966	0.03203
SWE	Sweden	1965	0.10509	0.05063	0.15949	0.10235	0.03265
SWE	Sweden	1966	-0.20086	-0.25013	0.16183	0.09019	0.00964
SWE	Sweden	1967	0.08165	0.03958	0.12777	0.08391	0.01500
SWE	Sweden	1968	0.39472	0.36687	0.13667	0.11398	0.03493
SWE	Sweden	1969	0.05566	0.02768	0.12901	0.09909	0.03669
SWE	Sweden	1970	-0.19098	-0.24313	0.09362	0.02312	0.02527
SWE	Sweden	1971	0.26898	0.18113	0.13008	0.05184	-0.00606
SWE	Sweden	1972	0.14548	0.08064	0.15944	0.09381	0.03086
SWE	Sweden	1973	0.03352	-0.03116	0.12341	0.05310	0.02375
SWE	Sweden	1974	0.01528	-0.07645	0.14947	0.04562	0.03042
SWE	Sweden	1975	0.34351	0.22385	0.30760	0.19114	0.02366
SWE	Sweden	1976	0.04854	-0.04999	0.23307	0.11719	0.03730
SWE	Sweden	1977	-0.12465	-0.21379	0.21355	0.08997	-0.01405
SWE	Sweden	1978	0.21377	0.10251	0.17739	0.06946	-0.01014
SWE	Sweden	1979	0.03730	-0.03207	0.16025	0.08266	0.02184
SWE	Sweden	1980	0.28444	0.13059	0.07830	-0.05086	-0.01002
SWE	Sweden	1981	0.63420	0.45761	0.06321	-0.05168	-0.00688
SWE	Sweden	1982	0.40287	0.29240	0.08697	0.00138	0.00856
SWE	Sweden	1983	0.69381	0.55478	0.09580	0.00585	-0.02160
SWE	Sweden	1984	-0.09382	-0.16096	0.13271	0.04878	0.01670
SWE	Sweden	1985	0.28715	0.19889	0.13312	0.05542	0.03000
SWE	Sweden	1986	0.53614	0.47380	0.15557	0.10868	0.04917
SWE	Sweden	1987	-0.05962	-0.09778	0.23703	0.18684	0.04995
SWE	Sweden	1988	0.55417	0.46869	0.28191	0.21141	0.02256
SWE	Sweden	1989	0.27078	0.19401	0.25657	0.18066	0.00613
SWE	Sweden	1990	-0.29340	-0.36043	0.18234	0.07018	-0.01242
SWE	Sweden	1991	0.08585	-0.00674	0.12451	0.02862	0.00255
SWE	Sweden	1992	0.02558	0.00262	-0.04619	-0.06754	-0.01931
SWE	Sweden	1993	0.56643	0.49678	-0.04186	-0.08447	-0.04235
SWE	Sweden	1994	0.06545	0.04257	0.14792	0.12327	0.01076
SWE	Sweden	1995	0.20633	0.17652	0.10114	0.07393	0.00356
SWE	Sweden	1996	0.42630	0.41982	0.10209	0.09708	0.01474
SWE	Sweden	1997	0.27918	0.27238	0.17951	0.17323	0.02434
SWE	Sweden	1998	0.13089	0.13269	0.20320	0.20512	0.02875
SWE	Sweden	1999	0.69757	0.68947	0.17363	0.16803	0.03656
SWE	Sweden	2000	-0.10803	-0.11670	0.18194	0.17046	0.04701
SWE	Sweden	2001	-0.14842	-0.16872	0.14320	0.11595	0.00174
SWE	Sweden	2002	-0.35903	-0.37254	0.13006	0.10625	0.01148
SWE	Sweden	2003	0.35494	0.32926	0.15981	0.13783	0.01390
SWE	Sweden	2004	0.21352	0.20905	0.17345	0.16913	0.01841
SWE	Sweden	2005	0.37001	0.36366	0.16774	0.16232	0.01930
SWE	Sweden	2006	0.25796	0.24100	0.15497	0.13940	0.02214
SWE	Sweden	2007	-0.02822	-0.04906	0.13886	0.11444	0.01509
SWE	Sweden	2008	-0.39269	-0.41289	0.07500	0.03925	-0.01809
SWE	Sweden	2009	0.52243	0.52660	0.05495	0.05784	-0.01221
SWE	Sweden	2010	0.26484	0.24887	0.12154	0.10737	0.02964
SWE	Sweden	2011	-0.13711	-0.15911	0.05353	0.02667	0.01216
SWE	Sweden	2012	0.16564	0.15548	0.02819	0.01923	-0.00011
SWE	Sweden	2013	0.27765	0.27821	0.09279	0.09327	0.00930
SWE	Sweden	2014	0.15674	0.15876	0.13079	0.13277	0.01846
SWE	Sweden	2015	0.10191	0.10239	0.16483	0.16534	0.02793
CHE	Switzerland	1950	0.09681	0.11405	0.07429	0.09117	0.02821
CHE	Switzerland	1951	0.19534	0.14084	0.10729	0.05681	0.00120
CHE	Switzerland	1952	0.08369	0.05705	0.12150	0.09393	-0.00528
CHE	Switzerland	1953	0.10476	0.11191	0.12072	0.12798	0.01434
CHE	Switzerland	1954	0.26143	0.25258	0.07712	0.06957	0.02946
CHE	Switzerland	1955	0.05989	0.05007	0.08362	0.07357	0.02839
CHE	Switzerland	1956	0.02119	0.00604	0.09223	0.07602	0.03650
CHE	Switzerland	1957	-0.10254	-0.11979	0.08868	0.06775	0.00924
CHE	Switzerland	1958	0.22764	0.20548	0.02976	0.01117	0.00150
CHE	Switzerland	1959	0.29196	0.30036	0.06312	0.07004	0.03588
CHE	Switzerland	1960	0.44460	0.42412	0.03740	0.02269	0.02945
CHE	Switzerland	1961	0.49390	0.46683	-0.06673	-0.08364	0.03809
CHE	Switzerland	1962	-0.17714	-0.21119	0.12827	0.08159	0.03669
CHE	Switzerland	1963	-0.00158	-0.03478	0.09751	0.06102	0.02657
CHE	Switzerland	1964	-0.06932	-0.09714	0.08073	0.04842	0.02712
CHE	Switzerland	1965	-0.07000	-0.10070	0.06838	0.03311	0.02451
CHE	Switzerland	1966	-0.12095	-0.16102	0.10023	0.05007	0.02107
CHE	Switzerland	1967	0.47191	0.41500	0.04401	0.00365	0.01800
CHE	Switzerland	1968	0.39494	0.36209	0.02183	-0.00224	0.02833
CHE	Switzerland	1969	0.04484	0.01947	0.03141	0.00636	0.04043
CHE	Switzerland	1970	-0.10650	-0.13768	0.12271	0.08353	0.04404
CHE	Switzerland	1971	0.15500	0.08377	0.13043	0.06071	0.03480
CHE	Switzerland	1972	0.20729	0.13190	0.18074	0.10701	0.04432
CHE	Switzerland	1973	-0.19999	-0.26439	0.17745	0.08266	0.02171
CHE	Switzerland	1974	-0.33138	-0.39087	0.03452	-0.05753	-0.00709
CHE	Switzerland	1975	0.46757	0.37546	0.03002	-0.03462	-0.01858
CHE	Switzerland	1976	0.07886	0.06066	0.04442	0.02680	0.02260
CHE	Switzerland	1977	0.08092	0.06720	0.12685	0.11255	0.03225
CHE	Switzerland	1978	-0.00512	-0.01551	0.07800	0.06673	0.01874
CHE	Switzerland	1979	0.10929	0.07025	0.12827	0.08856	0.00823
CHE	Switzerland	1980	0.06067	0.01966	0.12537	0.08186	0.02047
CHE	Switzerland	1981	-0.11905	-0.17274	0.13338	0.06430	0.00444
CHE	Switzerland	1982	0.13256	0.07194	0.09640	0.03771	-0.00283
CHE	Switzerland	1983	0.27295	0.23626	0.09689	0.06528	0.00725
CHE	Switzerland	1984	0.04520	0.01559	0.11471	0.08314	0.01036
CHE	Switzerland	1985	0.61357	0.55987	0.09915	0.06257	0.01265
CHE	Switzerland	1986	0.09712	0.08893	0.09760	0.08940	0.01944
CHE	Switzerland	1987	-0.27482	-0.28517	0.12917	0.11306	0.01711
CHE	Switzerland	1988	0.23610	0.21354	0.14877	0.12780	0.01193
CHE	Switzerland	1989	0.22586	0.18831	0.13794	0.10309	0.01673
CHE	Switzerland	1990	-0.19315	-0.23456	0.08629	0.03053	0.00392
CHE	Switzerland	1991	0.17670	0.11173	0.03094	-0.02599	0.00468
CHE	Switzerland	1992	0.17640	0.13058	0.00042	-0.03855	-0.00748
CHE	Switzerland	1993	0.50810	0.45967	0.00478	-0.02748	-0.01444
CHE	Switzerland	1994	-0.07620	-0.08392	0.04580	0.03706	0.00284
CHE	Switzerland	1995	0.23060	0.20871	0.02059	0.00243	0.00045
CHE	Switzerland	1996	0.18290	0.17337	0.01528	0.00710	0.00733
CHE	Switzerland	1997	0.55189	0.54387	0.00828	0.00308	0.01251
CHE	Switzerland	1998	0.15365	0.15344	0.04281	0.04262	0.01957
CHE	Switzerland	1999	0.11691	0.10795	0.05865	0.05016	0.01941
CHE	Switzerland	2000	0.11911	0.10190	0.07317	0.05666	0.01925
CHE	Switzerland	2001	-0.22027	-0.22792	0.10208	0.09128	0.01631
CHE	Switzerland	2002	-0.25952	-0.26423	0.13452	0.12729	-0.00610
CHE	Switzerland	2003	0.22064	0.21292	0.11626	0.10920	0.00290
CHE	Switzerland	2004	0.06891	0.06042	0.07572	0.06718	0.00977
CHE	Switzerland	2005	0.35608	0.34036	0.07222	0.05979	0.01292
CHE	Switzerland	2006	0.20667	0.19397	0.06390	0.05271	0.01056
CHE	Switzerland	2007	-0.00054	-0.00783	0.07537	0.06753	0.00310
CHE	Switzerland	2008	-0.34047	-0.35610	0.09135	0.06547	0.01543
CHE	Switzerland	2009	0.23181	0.23774	0.11375	0.11911	0.01035
CHE	Switzerland	2010	0.02919	0.02216	0.09948	0.09197	0.00816
CHE	Switzerland	2011	-0.07721	-0.07931	0.09359	0.09110	0.00279
CHE	Switzerland	2012	0.17722	0.18544	0.09496	0.10260	0.01101
CHE	Switzerland	2013	0.24600	0.24869	0.08824	0.09059	0.01088
CHE	Switzerland	2014	0.13001	0.13014	0.05307	0.05319	-0.00247
CHE	Switzerland	2015	0.02675	0.03861	0.06266	0.07493	0.01297
GBR	UK	1950	0.10957	0.06774	0.05265	0.01296	0.02952
GBR	UK	1951	0.08230	-0.00752	0.12951	0.03578	-0.01717
GBR	UK	1952	-0.00141	-0.09753	-0.00381	-0.09970	-0.00289
GBR	UK	1953	0.24431	0.20078	0.03497	-0.00124	0.03904
GBR	UK	1954	0.48616	0.45287	0.03344	0.01029	0.03690
GBR	UK	1955	0.10863	0.05513	0.10252	0.04931	0.03624
GBR	UK	1956	-0.09164	-0.13623	0.16309	0.10599	0.00000
GBR	UK	1957	-0.00948	-0.04613	0.07859	0.03868	0.01509
GBR	UK	1958	0.47742	0.43610	0.08701	0.05661	0.02331
GBR	UK	1959	0.54862	0.53940	0.07107	0.06469	0.03638
GBR	UK	1960	0.01839	0.01036	0.11388	0.10510	0.02900
GBR	UK	1961	0.01813	-0.01393	0.15867	0.12218	0.01304
GBR	UK	1962	0.00379	-0.03666	0.11651	0.07152	0.01230
GBR	UK	1963	0.19808	0.17337	0.12194	0.09880	0.03547
GBR	UK	1964	-0.05410	-0.08369	0.11316	0.07834	0.02493
GBR	UK	1965	0.11174	0.06635	0.13670	0.09028	0.00454
GBR	UK	1966	-0.03841	-0.07539	0.09562	0.05348	0.01218
GBR	UK	1967	0.34190	0.31246	0.10102	0.07686	0.01877
GBR	UK	1968	0.48195	0.42500	0.11874	0.07574	0.02349
GBR	UK	1969	-0.11873	-0.16229	0.11289	0.05789	0.00050
GBR	UK	1970	-0.03486	-0.09392	0.09770	0.03052	0.02491
GBR	UK	1971	0.46602	0.33987	0.17174	0.07091	0.02718
GBR	UK	1972	0.16374	0.08567	0.37924	0.28671	0.05858
GBR	UK	1973	-0.28001	-0.34155	0.40513	0.28503	0.05084
GBR	UK	1974	-0.50195	-0.56965	0.11682	-0.03499	-0.01448
GBR	UK	1975	1.49607	1.03428	0.09056	-0.11120	-0.00153
GBR	UK	1976	0.02326	-0.11526	0.13289	-0.02048	0.00413
GBR	UK	1977	0.48560	0.29247	0.10626	-0.03755	-0.00370
GBR	UK	1978	0.08666	0.01111	0.20207	0.11849	0.05140
GBR	UK	1979	0.11481	0.00098	0.32885	0.19316	0.04434
GBR	UK	1980	0.34833	0.17089	0.25195	0.08719	-0.00238
GBR	UK	1981	0.13627	0.01626	0.09379	-0.02174	-0.00199
GBR	UK	1982	0.28492	0.18852	0.06510	-0.01481	0.00793
GBR	UK	1983	0.28779	0.22723	0.16181	0.10717	0.03909
GBR	UK	1984	0.31574	0.26200	0.13128	0.08508	0.01973
GBR	UK	1985	0.20137	0.14501	0.13268	0.07954	0.03349
GBR	UK	1986	0.27218	0.23122	0.17937	0.14140	0.06023
GBR	UK	1987	0.08651	0.05277	0.20637	0.16891	0.04974
GBR	UK	1988	0.11484	0.07445	0.28883	0.24213	0.07034
GBR	UK	1989	0.35468	0.28726	0.24140	0.17962	0.03063
GBR	UK	1990	-0.09611	-0.15503	0.01664	-0.04963	0.00436
GBR	UK	1991	0.20805	0.12343	0.01869	-0.05267	-0.01949
GBR	UK	1992	0.19889	0.14988	-0.00279	-0.04355	0.00163
GBR	UK	1993	0.27548	0.24429	0.01652	-0.00833	0.02422
GBR	UK	1994	-0.05950	-0.07774	0.06820	0.04747	0.02435
GBR	UK	1995	0.23021	0.19838	0.05243	0.02520	0.01328
GBR	UK	1996	0.15810	0.13095	0.02471	0.00069	0.03533
GBR	UK	1997	0.23567	0.21353	0.10921	0.08933	0.03140
GBR	UK	1998	0.13674	0.11931	0.12077	0.10358	0.03372
GBR	UK	1999	0.23799	0.22176	0.11725	0.10259	0.04193
GBR	UK	2000	-0.05940	-0.06684	0.18020	0.17087	0.03978
GBR	UK	2001	-0.13220	-0.14277	0.14250	0.12858	0.02728
GBR	UK	2002	-0.22260	-0.23227	0.21859	0.20344	0.03235
GBR	UK	2003	0.20176	0.18561	0.22209	0.20568	0.02657
GBR	UK	2004	0.12595	0.11102	0.17930	0.16367	0.03146
GBR	UK	2005	0.21644	0.19192	0.08248	0.06067	0.01166
GBR	UK	2006	0.16432	0.13782	0.07291	0.04850	0.01674
GBR	UK	2007	0.05082	0.02696	0.10657	0.08145	0.01715
GBR	UK	2008	-0.29751	-0.32193	-0.01276	-0.04708	0.00020
GBR	UK	2009	0.28952	0.26219	-0.07465	-0.09427	-0.03939
GBR	UK	2010	0.14158	0.10513	0.08503	0.05039	0.00203
GBR	UK	2011	-0.03427	-0.07554	0.00756	-0.03549	-0.00883
GBR	UK	2012	0.12146	0.09061	0.03104	0.00268	0.01007
GBR	UK	2013	0.20538	0.17524	0.06411	0.03750	0.01930
GBR	UK	2014	0.01195	-0.00262	0.12826	0.11201	0.01575
GBR	UK	2015	0.01100	0.01059	0.09322	0.09279	0.02174
USA	USA	1950	0.28295	0.26944	0.08022	0.06885	0.04614
USA	USA	1951	0.25671	0.16425	0.10632	0.02493	-0.00116
USA	USA	1952	0.17258	0.14639	0.09003	0.06568	0.01428
USA	USA	1953	0.00922	0.00161	0.16012	0.15138	0.03036
USA	USA	1954	0.47040	0.46511	0.05066	0.04688	0.00260
USA	USA	1955	0.34430	0.34777	0.04824	0.05095	0.05357
USA	USA	1956	0.06194	0.04651	0.04863	0.03340	0.01088
USA	USA	1957	-0.09302	-0.12278	0.07517	0.03989	0.00646
USA	USA	1958	0.36970	0.33330	0.06175	0.03354	-0.00895
USA	USA	1959	0.13834	0.12783	0.04692	0.03725	0.03829
USA	USA	1960	-0.00525	-0.01988	0.05446	0.03896	0.01149
USA	USA	1961	0.29859	0.28484	0.05454	0.04337	0.00391
USA	USA	1962	-0.09716	-0.10765	0.06145	0.04911	0.03346
USA	USA	1963	0.22047	0.20533	0.06107	0.04791	0.02639
USA	USA	1964	0.16570	0.15049	0.06649	0.05257	0.04491
USA	USA	1965	0.12494	0.10746	0.06463	0.04809	0.04938
USA	USA	1966	-0.08209	-0.10873	0.06815	0.03714	0.04422
USA	USA	1967	0.20767	0.17496	0.06625	0.03736	0.01867
USA	USA	1968	0.14974	0.10292	0.08221	0.03815	0.04631
USA	USA	1969	-0.11484	-0.16048	0.11985	0.06211	0.02697
USA	USA	1970	0.02283	-0.03401	0.13493	0.07187	0.01136
USA	USA	1971	0.13537	0.08933	0.10859	0.06363	0.02514
USA	USA	1972	0.21660	0.17804	0.09427	0.05959	0.04922
USA	USA	1973	-0.16460	-0.21380	0.07499	0.01167	0.03870
USA	USA	1974	-0.25438	-0.32834	0.13248	0.02015	-0.01691
USA	USA	1975	0.37737	0.26200	0.16200	0.06467	0.01299
USA	USA	1976	0.22604	0.15911	0.12916	0.06751	0.04457
USA	USA	1977	-0.05931	-0.11647	0.17427	0.10292	0.03177
USA	USA	1978	0.07845	0.00200	0.19539	0.11065	0.03273
USA	USA	1979	0.18042	0.07818	0.18832	0.08540	0.01314
USA	USA	1980	0.29555	0.16508	0.13124	0.01731	-0.01249
USA	USA	1981	-0.02300	-0.10728	0.10307	0.00791	0.00439
USA	USA	1982	0.18150	0.11422	0.08720	0.02528	0.00447
USA	USA	1983	0.23020	0.17981	0.09468	0.04984	0.04685
USA	USA	1984	0.04641	0.00461	0.10084	0.05686	0.04342
USA	USA	1985	0.30821	0.26478	0.11024	0.07338	0.04215
USA	USA	1986	0.23917	0.21786	0.12733	0.10794	0.03080
USA	USA	1987	0.00487	-0.02855	0.12215	0.08483	0.02405
USA	USA	1988	0.18776	0.14635	0.10977	0.07108	0.03093
USA	USA	1989	0.30076	0.24627	0.10848	0.06205	0.01852
USA	USA	1990	-0.02226	-0.06821	0.08613	0.03509	0.00897
USA	USA	1991	0.21889	0.17610	0.07414	0.03644	-0.01181
USA	USA	1992	0.15320	0.12522	0.08322	0.05694	0.01860
USA	USA	1993	0.09845	0.07144	0.07840	0.05188	0.01996
USA	USA	1994	0.00517	-0.01539	0.08086	0.05875	0.02478
USA	USA	1995	0.38043	0.34796	0.08570	0.06016	0.01490
USA	USA	1996	0.23363	0.20163	0.08982	0.06155	0.02227
USA	USA	1997	0.31567	0.28783	0.08861	0.06558	0.02539
USA	USA	1998	0.25342	0.23667	0.10623	0.09145	0.03793
USA	USA	1999	0.21455	0.18922	0.10303	0.08003	0.03875
USA	USA	2000	-0.05703	-0.08798	0.11725	0.08058	0.03504
USA	USA	2001	-0.12793	-0.15207	0.12704	0.09584	0.01430
USA	USA	2002	-0.20061	-0.21301	0.11397	0.09668	0.01651
USA	USA	2003	0.22115	0.19403	0.11118	0.08650	0.01897
USA	USA	2004	0.12771	0.09805	0.14053	0.11053	0.02634
USA	USA	2005	0.07095	0.03586	0.15761	0.11969	0.02240
USA	USA	2006	0.14201	0.10616	0.11353	0.07857	0.02188
USA	USA	2007	0.06391	0.03457	0.05242	0.02340	0.00752
USA	USA	2008	-0.38755	-0.41020	-0.00605	-0.04282	-0.01128
USA	USA	2009	0.29084	0.29535	-0.00851	-0.00505	-0.01470
USA	USA	2010	0.13858	0.12010	0.00794	-0.00842	0.01069
USA	USA	2011	0.02273	-0.00852	0.01365	-0.01732	0.00960
USA	USA	2012	0.16908	0.14483	0.05210	0.03028	0.00624
USA	USA	2013	0.29564	0.27672	0.12796	0.11150	0.00784
USA	USA	2014	0.15817	0.13888	0.10633	0.08790	0.01939
USA	USA	2015	0.02103	0.01927	0.10648	0.10458	0.02491
